80.923694779,70.573770492,62.751004016,99.918032787,36.345381526,99.918032787,16.064257028,71.147540984,46.485943775,25.409836066,1,0 
76.086956522,76.562500000,61.684782609,99.776785714,38.858695652,99.776785714,18.478260870,77.901785714,48.913043478,34.821428571,1,0 
80.357142857,68.346007605,67.023809524,99.904942966,46.547619048,99.904942966,24.047619048,68.060836502,50.595238095,33.840304183,1,0 
78.042328042,72.983870968,60.052910053,99.798387097,42.328042328,99.798387097,28.571428571,72.379032258,51.322751323,31.854838710,1,0 
74.107142857,70.814479638,55.357142857,99.886877828,34.375000000,99.886877828,24.851190476,75.565610860,42.857142857,29.638009050,1,0 
80.000000000,81.790123457,59.636363636,99.691358025,47.636363636,99.691358025,26.909090909,72.839506173,51.636363636,40.740740741,1,0 
75.475285171,71.794871795,58.174904943,99.857549858,41.064638783,99.857549858,26.806083650,69.800569801,49.049429658,31.623931624,1,0 
74.318181818,69.525547445,60.000000000,99.817518248,46.363636364,99.817518248,35.000000000,66.970802920,47.045454545,37.226277372,1,0 
79.277566540,74.517684887,63.307984791,99.919614148,45.152091255,99.919614148,26.520912548,69.212218650,50.380228137,31.832797428,1,0 
84.138972810,71.315789474,57.250755287,99.868421053,38.821752266,99.868421053,19.335347432,71.447368421,48.640483384,35.789473684,1,0 
82.543103448,74.315068493,59.698275862,99.828767123,44.827586207,99.828767123,30.172413793,76.369863014,56.681034483,37.671232877,1,0 
76.114649682,73.165137615,58.598726115,99.770642202,46.496815287,99.770642202,27.070063694,71.788990826,50.318471338,31.422018349,1,0 
74.742268041,70.955882353,54.381443299,99.816176471,42.525773196,99.816176471,27.577319588,70.404411765,46.391752577,31.433823529,1,0 
79.411764706,69.254658385,61.397058824,99.689440994,46.323529412,99.689440994,30.514705882,72.360248447,52.941176471,38.509316770,1,0 
76.305220884,73.376623377,64.257028112,99.675324675,44.176706827,99.675324675,30.120481928,82.142857143,57.429718876,31.168831169,1,0 
76.857142857,68.565400844,58.142857143,99.894514768,43.428571429,99.894514768,25.285714286,72.995780591,44.142857143,35.864978903,1,0 
76.963350785,78.270042194,55.497382199,99.789029536,36.910994764,99.789029536,29.319371728,80.168776371,49.214659686,37.974683544,1,0 
78.025477707,73.753280840,63.057324841,99.737532808,47.133757962,99.737532808,30.573248408,62.992125984,48.407643312,32.808398950,1,0 
69.672131148,68.807339450,54.644808743,99.770642202,38.251366120,99.770642202,25.409836066,74.770642202,49.726775956,31.651376147,1,0 
72.274143302,79.357798165,63.551401869,99.770642202,45.794392523,99.770642202,23.987538941,75.458715596,52.647975078,28.669724771,1,0 
73.289902280,71.111111111,57.654723127,99.753086420,42.345276873,99.753086420,28.013029316,66.666666667,47.231270358,32.839506173,1,0 
72.727272727,75.847457627,64.204545455,99.576271186,56.250000000,99.576271186,36.363636364,74.576271186,54.545454545,34.322033898,1,0 
81.962025316,74.168797954,56.012658228,99.744245524,35.443037975,99.744245524,23.417721519,59.590792839,53.164556962,30.690537084,1,0 
84.615384615,69.444444444,54.461538462,99.747474747,34.153846154,99.747474747,24.307692308,72.222222222,58.461538462,35.353535354,1,0 
71.649484536,78.048780488,57.216494845,99.593495935,47.938144330,99.593495935,37.628865979,78.048780488,53.608247423,41.869918699,1,0 
79.910714286,70.638629283,56.584821429,99.922118380,38.950892857,99.922118380,27.455357143,70.638629283,55.468750000,29.127725857,1,0 
77.337110482,67.773437500,58.923512748,99.804687500,44.759206799,99.804687500,26.912181303,73.437500000,50.708215297,29.492187500,1,0 
76.737967914,75.000000000,60.695187166,99.788135593,41.443850267,99.788135593,21.122994652,75.423728814,49.465240642,30.084745763,1,0 
81.134969325,59.569377990,53.834355828,99.880382775,36.196319018,99.880382775,26.226993865,70.095693780,53.527607362,33.612440191,1,0 
76.168224299,75.000000000,61.915887850,99.809160305,46.261682243,99.809160305,27.336448598,76.717557252,50.700934579,38.740458015,1,0 
71.755725191,68.713450292,61.068702290,99.707602339,45.801526718,99.707602339,30.916030534,71.929824561,48.473282443,37.719298246,1,0 
78.602620087,63.667820069,58.951965066,99.653979239,41.921397380,99.653979239,24.454148472,77.508650519,55.021834061,38.754325260,1,0 
86.575342466,67.362924282,67.123287671,99.738903394,39.178082192,99.738903394,24.109589041,65.796344648,52.328767123,13.838120104,1,0 
85.867237687,59.509202454,74.518201285,99.795501022,47.323340471,99.795501022,21.413276231,57.668711656,48.179871520,11.860940695,1,0 
72.533849130,68.552036199,64.990328820,99.773755656,43.713733075,99.773755656,26.692456480,65.837104072,42.746615087,16.742081448,1,0 
87.246376812,51.662971175,70.144927536,99.778270510,40.000000000,99.778270510,31.304347826,59.645232816,68.115942029,10.199556541,1,0 
81.407035176,41.421568627,65.326633166,99.754901961,36.683417085,99.754901961,23.366834171,75.000000000,61.809045226,14.460784314,1,0 
82.200647249,66.406250000,60.194174757,99.739583333,40.453074434,99.739583333,31.067961165,71.093750000,63.106796117,15.625000000,1,0 
78.461538462,68.926553672,64.000000000,99.717514124,41.538461538,99.717514124,37.538461538,76.271186441,69.230769231,31.073446328,1,0 
78.520286396,67.294117647,61.813842482,99.764705882,46.539379475,99.764705882,31.742243437,68.000000000,51.551312649,16.941176471,1,0 
82.026143791,68.888888889,56.535947712,99.682539683,28.758169935,99.682539683,22.875816993,67.619047619,55.555555556,15.555555556,1,0 
87.459807074,68.055555556,58.520900322,99.768518519,30.225080386,99.768518519,23.472668810,66.666666667,51.768488746,15.046296296,1,0 
83.870967742,61.046511628,73.118279570,99.709302326,37.992831541,99.709302326,20.071684588,64.825581395,52.329749104,19.476744186,1,0 
81.995133820,67.282321900,63.990267640,99.736147757,31.143552311,99.736147757,25.060827251,68.337730871,57.177615572,12.928759894,1,0 
85.410334347,73.584905660,78.419452888,99.764150943,42.857142857,99.764150943,15.501519757,66.745283019,45.288753799,12.028301887,1,0 
83.689839572,63.559322034,70.053475936,99.717514124,45.989304813,99.717514124,32.620320856,59.887005650,53.208556150,10.734463277,1,0 
87.004405286,70.342771982,76.211453744,99.925484352,37.224669604,99.925484352,9.361233480,68.032786885,45.814977974,9.239940387,1,0 
76.891615542,64.251207729,62.985685072,99.758454106,42.944785276,99.758454106,28.425357873,60.386473430,49.284253579,16.183574879,1,0 
72.939560440,73.286290323,63.598901099,99.899193548,29.120879121,99.899193548,28.434065934,73.588709677,47.390109890,19.657258065,0,1 
70.560747664,55.750798722,62.850467290,99.840255591,30.841121495,99.840255591,30.373831776,63.897763578,45.794392523,21.405750799,0,1 
76.851851852,61.925287356,69.074074074,99.856321839,31.666666667,99.856321839,25.000000000,64.224137931,50.000000000,13.936781609,0,1 
68.047337278,64.208242950,67.899408284,99.891540130,36.094674556,99.891540130,31.508875740,49.566160521,44.526627219,18.004338395,0,1 
73.003802281,76.539589443,71.482889734,99.706744868,41.064638783,99.706744868,28.517110266,61.876832845,48.669201521,28.739002933,0,1 
69.629629630,69.268292683,66.666666667,99.512195122,48.888888889,99.512195122,43.703703704,74.634146341,54.074074074,35.609756098,0,1 
65.771812081,67.487684729,62.416107383,99.507389163,46.308724832,99.507389163,42.953020134,69.950738916,55.033557047,38.423645320,0,1 
72.850678733,73.021582734,70.588235294,99.640287770,38.914027149,99.640287770,33.936651584,75.899280576,54.298642534,26.978417266,0,1 
71.482889734,75.362318841,69.581749049,99.710144928,36.501901141,99.710144928,30.798479087,65.507246377,52.091254753,24.637681159,0,1 
70.063694268,64.858490566,64.331210191,99.764150943,35.668789809,99.764150943,33.121019108,62.264150943,47.770700637,29.481132075,0,1 
72.535211268,71.065989848,68.309859155,99.746192893,34.507042254,99.746192893,32.042253521,75.634517766,47.887323944,29.695431472,0,1 
72.955974843,62.826603325,64.465408805,99.881235154,33.490566038,99.881235154,29.874213836,63.420427553,49.213836478,27.672209026,0,1 
70.198675497,77.232142857,66.887417219,99.553571429,41.059602649,99.553571429,39.735099338,83.035714286,55.629139073,34.375000000,0,1 
67.340067340,61.212814645,63.973063973,99.885583524,31.818181818,99.885583524,29.461279461,54.576659039,44.949494949,23.798627002,0,1 
70.621468927,71.259842520,68.361581921,99.606299213,43.502824859,99.606299213,39.548022599,68.110236220,55.367231638,29.527559055,0,1 
73.184357542,81.174089069,68.994413408,99.797570850,34.357541899,99.797570850,32.681564246,64.777327935,46.089385475,28.947368421,0,1 
72.916666667,64.925373134,68.750000000,99.253731343,51.041666667,99.253731343,46.875000000,74.626865672,60.416666667,40.298507463,0,1 
66.141732283,72.282608696,61.811023622,99.864130435,38.779527559,99.864130435,38.582677165,95.516304348,49.015748031,31.793478261,0,1 
64.386792453,95.802919708,63.915094340,99.817518248,40.094339623,99.817518248,33.018867925,51.459854015,46.462264151,29.744525547,0,1 
64.516129032,60.700389105,60.215053763,99.805447471,38.709677419,99.805447471,37.634408602,71.206225681,50.000000000,40.661478599,0,1 
63.207547170,88.378766141,58.679245283,99.856527977,39.056603774,99.856527977,35.660377358,63.127690100,50.754716981,30.416068867,0,1 
66.435185185,68.313953488,63.425925926,99.854651163,34.259259259,99.854651163,33.564814815,48.110465116,46.296296296,33.720930233,0,1 
65.299684543,99.793814433,65.299684543,99.793814433,39.747634069,99.793814433,37.539432177,79.587628866,52.996845426,33.195876289,0,1 
67.692307692,71.611721612,64.871794872,99.816849817,39.743589744,99.816849817,37.948717949,46.886446886,46.410256410,32.417582418,0,1 
61.974789916,71.695402299,57.142857143,99.856321839,36.974789916,99.856321839,36.974789916,99.856321839,47.268907563,34.913793103,0,1 
67.553191489,99.805447471,67.553191489,99.805447471,42.287234043,99.805447471,33.244680851,73.929961089,52.925531915,35.019455253,0,1 
67.088607595,71.451104101,63.080168776,99.842271293,39.451476793,99.842271293,33.544303797,63.722397476,51.054852321,31.388012618,0,1 
68.951612903,77.869986169,59.879032258,99.861687414,34.879032258,99.861687414,34.879032258,99.861687414,51.008064516,28.907330567,0,1 
67.320261438,56.101426307,61.002178649,99.841521395,35.729847495,99.841521395,35.729847495,99.841521395,53.812636166,32.646592710,0,1 
65.022935780,89.723926380,63.646788991,99.923312883,34.403669725,99.923312883,33.371559633,60.659509202,50.000000000,30.598159509,0,1 
70.731707317,69.675090253,66.341463415,99.638989170,46.341463415,99.638989170,42.926829268,67.870036101,57.560975610,42.238267148,0,1 
62.980769231,61.337868481,58.173076923,99.886621315,37.500000000,99.886621315,28.365384615,63.718820862,46.634615385,29.591836735,0,1 
63.592233010,48.986486486,57.281553398,99.831081081,36.650485437,99.831081081,35.679611650,94.256756757,51.213592233,30.067567568,0,1 
61.611374408,57.654723127,59.715639810,99.674267101,43.601895735,99.674267101,38.862559242,56.351791531,50.710900474,34.201954397,0,1 
63.839285714,69.677419355,55.133928571,99.838709677,33.928571429,99.838709677,33.928571429,99.838709677,47.098214286,37.096774194,0,1 
64.871794872,49.647887324,63.589743590,99.823943662,33.589743590,99.823943662,28.974358974,67.781690141,54.358974359,33.978873239,0,1 
63.803680982,62.669683258,60.429447853,99.773755656,37.730061350,99.773755656,36.503067485,86.199095023,48.466257669,37.330316742,0,1 
63.362068966,62.631578947,63.074712644,99.894736842,32.471264368,99.894736842,23.132183908,59.894736842,44.827586207,26.315789474,0,1 
69.016697588,54.589963280,61.038961039,99.877600979,28.385899814,99.877600979,28.385899814,99.877600979,51.948051948,28.641370869,0,1 
66.223908918,92.189500640,65.654648956,99.871959027,34.155597723,99.871959027,29.791271347,67.477592830,53.130929791,34.571062740,0,1 
60.688405797,67.541436464,58.514492754,99.861878453,36.050724638,99.861878453,32.246376812,71.408839779,44.927536232,37.845303867,0,1 
65.816326531,49.642857143,65.561224490,99.821428571,40.306122449,99.821428571,34.693877551,69.107142857,55.612244898,26.250000000,0,1 
62.654320988,99.785407725,62.654320988,99.785407725,40.123456790,99.785407725,38.580246914,55.793991416,46.604938272,32.403433476,0,1 
65.740740741,54.365079365,64.814814815,99.900793651,34.104938272,99.900793651,32.716049383,90.674603175,47.685185185,27.083333333,0,1 
64.671814672,67.574931880,60.617760618,99.863760218,37.258687259,99.863760218,35.521235521,57.356948229,45.945945946,32.425068120,0,1 
67.816091954,99.790356394,67.816091954,99.790356394,32.471264368,99.790356394,32.183908046,92.243186583,47.988505747,27.882599581,0,1 
